0.463227	0.607415	1	1	0.463227	0.607415	0.6	0.6	2.19994	0
0.741391	0.556327	3.938	-0.85596	0.732611	0.520449	0.709997	0.600019	2.19975	0.000760158
0.975104	0.418354	5.31453	-1.93497	0.968521	0.40545	0.819984	0.600095	2.19943	0.00228003
1.01366	0.702454	2.24983	0.770693	0.74607	0.522039	0.929956	0.600266	2.19899	0.00455878
1.06646	0.725093	2.09092	0.934587	0.947752	0.636824	1.0399	0.60057	2.19841	0.00759519
1.28094	0.697406	2.39214	0.193167	1.28523	0.652949	1.14982	0.601045	2.1977	0.0113877
1.3903	0.663541	2.414	0.0113524	1.42287	0.264328	1.25971	0.601728	2.19686	0.0159342
1.43925	0.744828	2.1065	0.455313	1.3457	0.767869	1.36955	0.602657	2.19587	0.0212325
1.54304	0.75609	2.11249	0.406764	1.55228	0.653503	1.47934	0.60387	2.19474	0.0272796
1.64828	0.776409	2.15322	0.427392	1.52264	0.716923	1.58908	0.605405	2.19345	0.0340725
1.74992	0.763036	2.171	0.288844	1.76437	0.481646	1.69875	0.607297	2.19201	0.0416075
1.93968	0.673904	2.57693	-0.1557	2.09781	0.582232	1.80834	0.609585	2.1904	0.0498806
2.06395	0.661203	2.57161	-0.170803	2.04483	0.628829	1.91786	0.612305	2.18863	0.0588874
2.15352	0.739616	2.27025	0.161259	2.33038	0.92486	2.02728	0.615494	2.18667	0.0686229
2.25452	0.717145	2.26407	0.0490255	2.20692	0.520594	2.13661	0.619189	2.18452	0.079082
2.33061	0.63249	1.89876	-0.370622	2.20382	0.508862	2.24582	0.623424	2.18218	0.0902589
2.41253	0.605493	1.87799	-0.39368	2.3478	0.558867	2.35492	0.628237	2.17963	0.102147
2.50132	0.624504	1.97886	-0.209875	2.14769	0.583399	2.46389	0.633662	2.17686	0.11474
2.59251	0.585414	1.97569	-0.315755	2.55749	0.425369	2.57271	0.639735	2.17386	0.128031
2.7425	0.647207	2.41617	0.0314688	2.89005	0.79272	2.68138	0.646489	2.17062	0.142012
2.88008	0.659356	2.44418	0.0624667	2.9662	0.713622	2.78989	0.653961	2.16713	0.156675
2.9744	0.682133	2.26201	0.122221	2.87656	0.698973	2.89821	0.662183	2.16337	0.172011
3.06736	0.675274	2.22858	0.0840634	2.96255	0.61317	3.00635	0.67119	2.15934	0.188011
3.16556	0.720958	2.15634	0.233151	3.16048	0.793306	3.11428	0.681013	2.15501	0.204665
3.26247	0.760471	2.12653	0.338693	3.20975	0.880424	3.22199	0.691687	2.15038	0.221964
3.40034	0.820285	2.263	0.497576	3.93	1.02122	3.32946	0.703242	2.14543	0.239895
3.51225	0.803802	2.2756	0.352749	3.49701	0.634952	3.43667	0.71571	2.14014	0.258449
3.64412	0.730634	2.34544	0.0332575	3.62153	0.545148	3.54362	0.729122	2.13451	0.277612
3.76238	0.705208	2.35687	-0.0601682	3.75974	0.602488	3.65028	0.743508	2.12852	0.297373
3.87824	0.730419	2.48186	0.061102	3.48239	0.714232	3.75663	0.758898	2.12214	0.317718
3.98525	0.755383	2.44427	0.141148	3.90394	0.828314	3.86265	0.77532	2.11537	0.338634
4.08935	0.717018	2.0651	-0.0718129	4.73232	0.717394	3.96833	0.792804	2.1082	0.360106
4.16882	0.76381	2.00838	0.103256	4.06275	0.925243	4.07364	0.811376	2.10059	0.382119
4.26698	0.804678	1.9052	0.205052	4.63563	0.964346	4.17857	0.831064	2.09255	0.404657
4.37777	0.77623	1.94322	0.0737394	4.44447	0.657287	4.28307	0.851892	2.08405	0.427705
4.49166	0.833237	1.98212	0.245693	4.9475	1.05654	4.38715	0.873887	2.07507	0.451246
4.56876	0.849769	1.94052	0.26547	4.45696	0.85503	4.49077	0.897072	2.06561	0.475262
4.68935	0.926416	2.14934	0.495679	4.79735	1.1068	4.5939	0.921472	2.05564	0.499734
4.79484	0.974313	2.14009	0.569934	4.79359	1.04199	4.69652	0.947107	2.04515	0.524645
4.86656	0.979785	1.84651	0.458609	4.8135	0.932097	4.7986	0.974001	2.03413	0.549975
4.95449	0.99297	1.841	0.429232	4.92764	0.963212	4.90012	1.00217	2.02255	0.575704
5.04149	1.04509	1.85819	0.533407	4.92789	1.11182	5.00105	1.03164	2.0104	0.60181
5.11088	1.08435	1.81109	0.578883	4.99666	1.10805	5.10136	1.06243	1.99767	0.628273
5.23288	1.11168	2.02328	0.598515	5.38272	1.11363	5.20102	1.09455	1.98435	0.655071
5.34408	1.15172	2.03912	0.626843	5.40048	1.18438	5.3	1.12802	1.97041	0.682182
5.43552	1.15825	2.0468	0.558174	5.04979	1.00799	5.39826	1.16285	1.95584	0.709581
5.50095	1.21464	1.96998	0.654729	5.32907	1.26929	5.49579	1.19906	1.94063	0.737245
5.58893	1.28016	1.92296	0.752996	5.55333	1.39147	5.59253	1.23667	1.92477	0.76515
5.62254	1.29595	1.81253	0.703759	5.29229	1.20275	5.68847	1.27567	1.90825	0.793271
5.72787	1.3195	1.88198	0.673886	5.86137	1.29531	5.78356	1.31609	1.89104	0.821582
5.82987	1.35908	1.89503	0.689375	5.87356	1.37899	5.87778	1.35793	1.87314	0.850057
5.9424	1.35998	1.86452	0.566727	6.4233	1.32059	5.97108	1.4012	1.85454	0.878669
6.06787	1.45919	1.90425	0.768411	6.27663	1.65705	6.06344	1.44591	1.83523	0.907391
6.17738	1.52645	1.92178	0.849995	6.59346	1.73765	6.15481	1.49206	1.8152	0.936196
6.26874	1.51935	1.92751	0.705297	6.21132	1.39475	6.24516	1.53965	1.79443	0.965055
6.39719	1.54706	2.19396	0.724704	6.35848	1.47103	6.33445	1.58868	1.77292	0.99394
6.50647	1.60311	2.18747	0.782728	6.51821	1.6504	6.42265	1.63917	1.75066	1.02282
6.60226	1.68214	2.01264	0.868697	6.93199	1.97245	6.50972	1.6911	1.72765	1.05167
6.72734	1.72702	2.05797	0.866512	6.85127	1.74801	6.59561	1.74447	1.70388	1.08046
6.7998	1.78676	1.78361	0.866641	6.93519	1.94653	6.6803	1.79928	1.67934	1.10915
6.85486	1.85705	1.71172	0.953195	6.70402	1.89399	6.76374	1.85552	1.65403	1.13772
6.89107	1.92283	1.50314	0.988313	6.30985	1.9075	6.8459	1.91319	1.62794	1.16614
6.91978	2.06462	1.38703	1.26427	6.76076	2.24087	6.92672	1.97228	1.60107	1.19437
7.01378	2.15164	1.48051	1.34205	7.44524	2.36016	7.00619	2.03278	1.57343	1.22238
7.07212	2.26189	1.43573	1.46822	7.03128	2.34865	7.08425	2.09468	1.54501	1.25015
7.15134	2.32703	1.36234	1.41194	7.56337	2.41153	7.16087	2.15795	1.51581	1.27764
7.24532	2.30669	1.44583	1.15016	7.2882	2.11793	7.23601	2.2226	1.48582	1.30482
7.33552	2.38431	1.63233	1.25374	7.26837	2.43338	7.30962	2.2886	1.45507	1.33165
7.39201	2.41925	1.59421	1.18408	7.24262	2.33045	7.38168	2.35593	1.42354	1.35812
7.48023	2.456	1.59839	1.11159	7.60802	2.35662	7.45214	2.42458	1.39125	1.38417
7.57257	2.54759	1.60935	1.20782	7.6686	2.64348	7.52097	2.49452	1.35819	1.40979
7.64868	2.63897	1.67821	1.32647	7.42056	2.74073	7.58812	2.56573	1.32438	1.43494
7.72116	2.78151	1.62913	1.54052	7.74293	2.94618	7.65355	2.63819	1.28982	1.45959
7.78285	2.85426	1.52719	1.51039	7.57998	2.80607	7.71724	2.71186	1.25452	1.48371
7.87563	2.78993	1.61181	1.1225	7.80654	2.48261	7.77914	2.78674	1.2185	1.50727
7.98844	2.84683	1.78262	1.15359	8.27867	2.87951	7.83923	2.86277	1.18175	1.53024
8.06606	2.90778	1.75928	1.16609	8.01421	2.90297	7.89745	2.93994	1.14431	1.55258
8.14353	3.00934	1.78043	1.3097	7.95488	3.24433	7.95378	3.01821	1.10617	1.57427
8.18994	3.05118	1.70694	1.25841	7.95962	2.95047	8.00819	3.09755	1.06735	1.59528
8.21331	3.10997	1.35069	1.17633	7.73925	3.06896	8.06063	3.17792	1.02787	1.61558
8.21207	3.26352	1.18339	1.45473	7.98819	3.40448	8.11108	3.25929	0.987752	1.63514
8.2641	3.38887	1.2066	1.62395	8.19135	3.73544	8.15951	3.34161	0.947001	1.65393
8.23918	3.51685	1.02211	1.77761	7.88857	3.52712	8.20588	3.42486	0.90564	1.67193
8.28301	3.57909	0.97399	1.6884	8.14391	3.36904	8.25016	3.50899	0.86369	1.68911
8.37788	3.7283	1.03799	1.84421	8.67285	3.938	8.29233	3.59395	0.82117	1.70543
8.37892	3.83254	0.73733	1.80432	8.08576	3.98435	8.33236	3.67971	0.778103	1.72089
8.36639	3.99697	0.60683	2.01738	8.23185	4.11338	8.37022	3.76622	0.734511	1.73545
8.43075	4.05936	0.988594	2.05299	7.88235	3.35805	8.40588	3.85343	0.690417	1.74909
8.51121	4.00031	1.12492	1.62042	8.43756	3.64137	8.43932	3.9413	0.645845	1.76178
8.57442	4.04909	1.13627	1.52437	8.57819	3.78195	8.47052	4.02978	0.600821	1.77351
8.59987	4.11568	1.07778	1.51056	8.44467	4.04931	8.49946	4.11882	0.555371	1.78425
8.63031	4.16321	0.821497	1.33579	8.75416	4.10901	8.52611	4.20837	0.509522	1.79398
8.65314	4.18902	0.802772	1.23518	8.51462	4.06198	8.55045	4.29838	0.4633	1.80269
8.68906	4.26409	0.767193	1.26132	8.75218	4.42083	8.57248	4.3888	0.416735	1.81035
8.68885	4.42269	0.649641	1.52474	8.64643	4.60763	8.59216	4.47957	0.369855	1.81694
8.67789	4.52182	0.545828	1.59792	8.00435	4.51739	8.60949	4.57064	0.32269	1.82246
8.65382	4.6258	0.431906	1.67911	8.45772	4.61438	8.62445	4.66196	0.27527	1.82689
8.67758	4.71039	0.436341	1.68011	8.72102	4.72921	8.63703	4.75348	0.227627	1.83021
8.68673	4.75393	0.429232	1.58113	8.57251	4.63192	8.64723	4.84513	0.179791	1.8324
8.71025	4.82032	0.369796	1.50818	8.90381	4.82223	8.65502	4.93685	0.131795	1.83347
8.72621	4.94742	0.340568	1.64106	8.791	5.07822	8.66041	5.0286	0.0836704	1.83338
8.72535	5.02814	0.222656	1.5968	8.65076	5.07695	8.66339	5.12031	0.0354505	1.83215
8.70707	5.08023	0.17528	1.53786	8.53802	4.96285	8.66396	5.21194	-0.0128316	1.82976
8.72908	5.16403	0.280799	1.59936	8.74844	5.15257	8.6621	5.3034	-0.0611426	1.82619
8.64874	5.40375	0.00963939	2.03994	8.48709	5.68825	8.65784	5.39466	-0.109448	1.82145
8.63535	5.49494	-0.182243	1.9077	8.85701	5.67719	8.65115	5.48565	-0.157715	1.81553
8.63391	5.61361	-0.177759	1.9626	8.70261	5.68973	8.64205	5.57631	-0.205909	1.80843
8.65728	5.64879	-0.153655	1.7391	9.09897	5.20187	8.63055	5.66658	-0.253996	1.80015
8.61922	5.787	-0.244071	1.87793	8.57539	5.88318	8.61664	5.75641	-0.30194	1.79068
8.59271	5.84698	-0.442614	1.66915	8.73243	5.77443	8.60034	5.84573	-0.349708	1.78002
8.61109	5.92216	-0.352139	1.63225	8.76262	5.96409	8.58165	5.93448	-0.397266	1.76818
8.59355	5.96873	-0.310538	1.56204	8.29723	5.45216	8.5606	6.02261	-0.444578	1.75515
8.5757	6.0666	-0.325622	1.61141	8.59887	6.12063	8.53718	6.11006	-0.49161	1.74095
8.56888	6.1234	-0.296663	1.54587	8.59896	5.86751	8.51142	6.19676	-0.538329	1.72557
8.54966	6.19401	-0.302596	1.53137	8.52115	6.16694	8.48333	6.28266	-0.584699	1.70903
8.48431	6.30063	-0.59603	1.49991	8.31962	6.85299	8.45293	6.3677	-0.630688	1.69133
8.33965	6.49654	-0.904732	1.84145	8.08902	6.66724	8.42025	6.45183	-0.676262	1.67248
8.30332	6.59577	-0.778723	1.94557	8.15321	6.42505	8.38529	6.53498	-0.721388	1.65249
8.3255	6.57209	-0.580676	1.63119	8.3565	6.30209	8.3481	6.6171	-0.766032	1.63137
8.27145	6.64624	-0.786428	1.49762	8.29701	6.82892	8.30868	6.69813	-0.810162	1.60914
8.22203	6.70582	-0.800442	1.4654	8.15755	6.64057	8.26708	6.77802	-0.853746	1.5858
8.19165	6.79645	-0.708983	1.57031	8.20549	6.8723	8.22331	6.85672	-0.896753	1.56137
8.16855	6.91216	-0.701564	1.65328	8.27869	7.05206	8.1774	6.93416	-0.939152	1.53587
8.10373	7.0147	-0.973751	1.54179	8.32718	7.74315	8.12939	7.0103	-0.980911	1.50932
8.03245	7.09509	-1.02569	1.55912	7.9548	7.06681	8.07932	7.08508	-1.022	1.48173
7.97601	7.19324	-0.98989	1.66314	7.83068	7.27295	8.02721	7.15846	-1.06239	1.45311
7.94225	7.24838	-0.939438	1.59121	7.95067	7.18281	7.97309	7.23037	-1.10206	1.42351
7.89861	7.32193	-0.95866	1.547	8.01073	7.35014	7.91702	7.30078	-1.14097	1.39292
7.81997	7.43924	-1.04968	1.65245	7.78027	7.52079	7.85902	7.36963	-1.17911	1.36138
7.73646	7.47159	-1.25596	1.38711	7.44068	7.07222	7.79914	7.43688	-1.21643	1.3289
7.74152	7.51096	-1.08492	1.28975	7.9258	7.52586	7.73741	7.50249	-1.25292	1.29552
7.67892	7.57982	-1.07607	1.33427	7.47861	7.48909	7.67388	7.5664	-1.28856	1.26125
7.58064	7.67824	-1.19489	1.42563	7.48311	7.71154	7.6086	7.62857	-1.32331	1.22612
7.53343	7.71593	-1.21429	1.27212	7.72795	7.50229	7.54161	7.68896	-1.35716	1.19016
7.49132	7.75078	-1.15581	1.19914	7.504	7.68085	7.47294	7.74754	-1.39008	1.1534
7.42771	7.76391	-1.28629	0.941685	7.49707	7.50287	7.40266	7.80425	-1.42206	1.11586
7.40503	7.79786	-1.18285	0.894431	7.52062	7.82285	7.33081	7.85907	-1.45308	1.07757
7.33449	7.80978	-1.29048	0.717224	7.27236	7.57729	7.25743	7.91195	-1.4831	1.03856
7.2908	7.84436	-1.2415	0.705474	7.35715	7.87585	7.18258	7.96287	-1.51213	0.998861
7.22296	7.92782	-1.1406	0.973342	6.98334	8.13902	7.10631	8.01178	-1.54014	0.958505
7.13164	8.03717	-1.25278	1.12439	7.12482	8.20067	7.02866	8.05866	-1.56711	0.917521
7.04369	8.12292	-1.33563	1.19388	6.8592	8.48172	6.9497	8.10347	-1.59304	0.875941
6.95487	8.16464	-1.37789	1.16326	6.85328	8.05962	6.86947	8.1462	-1.6179	0.833798
6.84056	8.2278	-1.59978	1.05881	6.54198	8.49681	6.78802	8.1868	-1.6417	0.791123
6.80537	8.20935	-1.45523	0.883512	6.82384	8.01472	6.70542	8.22525	-1.6644	0.74795
6.72336	8.274	-1.4524	0.978042	6.60126	8.40636	6.62171	8.26154	-1.68602	0.704311
6.61805	8.34655	-1.54311	1.04316	6.55748	8.38227	6.53695	8.29563	-1.70653	0.660241
6.55025	8.40012	-1.56939	0.978502	6.84081	8.7006	6.4512	8.32751	-1.72594	0.615772
6.42271	8.4239	-1.67469	0.944224	6.23275	8.24286	6.36451	8.35716	-1.74423	0.57094
6.34214	8.47428	-1.64091	0.987854	6.31983	8.41685	6.27693	8.38455	-1.7614	0.525778
6.34659	8.40461	-1.36815	0.698409	6.40408	8.07203	6.18853	8.40969	-1.77745	0.480319
6.25278	8.45527	-1.49462	0.66664	6.17119	8.83825	6.09935	8.43255	-1.79237	0.434599
6.14194	8.51373	-1.59555	0.735159	6.07819	8.55571	6.00946	8.45311	-1.80617	0.388652
6.04173	8.52363	-1.72494	0.551072	5.89477	8.38949	5.91891	8.47138	-1.81884	0.342512
6.05457	8.47096	-1.44057	0.341163	6.20753	8.30385	5.82776	8.48733	-1.83039	0.296213
5.98589	8.46376	-1.50695	0.161727	6.15956	8.48016	5.73606	8.50097	-1.84082	0.249789
5.76722	8.52732	-1.88706	0.337377	5.45068	8.52483	5.64387	8.51229	-1.85014	0.203274
5.65813	8.55131	-1.99008	0.261706	5.69731	8.92398	5.55124	8.52128	-1.85834	0.156702
5.52857	8.55101	-2.0579	0.245274	5.4239	8.44751	5.45824	8.52794	-1.86544	0.110105
5.4321	8.59826	-1.96256	0.473751	5.42793	8.72756	5.36491	8.53228	-1.87144	0.0635176
5.29212	8.62498	-2.06906	0.495752	5.18315	8.57315	5.27131	8.53429	-1.87635	0.0169717
5.21688	8.61185	-2.06021	0.264545	5.57983	8.56406	5.17749	8.53398	-1.88019	-0.0295004
5.09069	8.60577	-2.10949	0.233293	5.00034	8.48741	5.08351	8.53135	-1.88296	-0.0758668
5.03267	8.60237	-1.974	0.195439	5.48132	8.55245	4.98941	8.52641	-1.88467	-0.122096
4.94389	8.62282	-1.95387	0.213702	4.98521	8.68423	4.89526	8.51916	-1.88535	-0.168158
4.82538	8.63023	-2.06031	0.114903	4.73344	8.78696	4.80111	8.50962	-1.885	-0.214021
4.81251	8.57788	-1.80145	-0.0347746	4.9584	8.44903	4.70699	8.49779	-1.88364	-0.259656
4.73615	8.5633	-1.76441	-0.0748971	4.82732	8.42965	4.61297	8.48369	-1.88129	-0.305035
4.545	8.5156	-2.0072	-0.127809	4.22429	8.174	4.5191	8.46733	-1.87796	-0.350129
4.43913	8.52242	-2.00329	-0.0503926	4.38159	8.57523	4.42541	8.44873	-1.87368	-0.39491
4.36081	8.49581	-1.93546	-0.106413	4.38191	8.41687	4.33197	8.4279	-1.86846	-0.439352
4.29898	8.44122	-1.87525	-0.329943	4.53394	8.07532	4.2388	8.40486	-1.86232	-0.483428
4.19981	8.42185	-1.88798	-0.333911	4.18276	8.40149	4.14597	8.37962	-1.85529	-0.527114
4.08247	8.40631	-1.99148	-0.412988	3.98481	8.60042	4.05351	8.35222	-1.84739	-0.570384
3.88117	8.40777	-2.26735	-0.335409	3.66435	8.37711	3.96147	8.32267	-1.83863	-0.613216
3.76969	8.36018	-2.31615	-0.554252	3.81527	8.30617	3.86989	8.29099	-1.82905	-0.655586
3.67836	8.27791	-2.22733	-0.668997	3.6685	8.05372	3.77881	8.2572	-1.81868	-0.697473
3.51356	8.2341	-2.46478	-0.90921	3.25318	8.53341	3.68826	8.22134	-1.80752	-0.738856
3.45399	8.17384	-2.28892	-0.956723	3.58463	8.17972	3.59829	8.18342	-1.79562	-0.779715
3.36808	8.14846	-2.16519	-0.778697	3.5712	8.26001	3.50893	8.14348	-1.78299	-0.820031
3.26997	8.12043	-2.14262	-0.76032	3.30567	8.18396	3.42023	8.10153	-1.76967	-0.859787
3.18414	8.07739	-2.09577	-0.811033	3.38014	8.20173	3.3322	8.05762	-1.75567	-0.898965
3.09275	8.07331	-2.0748	-0.744055	3.16273	8.26325	3.24489	8.01176	-1.74104	-0.937549
3.02461	8.01975	-2.01104	-0.897915	3.36097	8.23902	3.15832	7.964	-1.7258	-0.975525
3.02052	7.92525	-1.72932	-1.01872	3.18527	7.78479	3.07253	7.91435	-1.70997	-1.01288
2.93298	7.86802	-1.78014	-1.16918	3.04976	8.19994	2.98755	7.86285	-1.69359	-1.0496
2.90056	7.81194	-1.6276	-1.18017	3.02971	7.88099	2.90339	7.80954	-1.67669	-1.08567
2.86544	7.72369	-1.50194	-1.28696	3.10412	7.47907	2.8201	7.75444	-1.65929	-1.12108
2.73249	7.69044	-1.67183	-1.21066	2.63369	7.78423	2.73768	7.69758	-1.64143	-1.15582
2.68157	7.64598	-1.55411	-1.0882	2.9013	7.78988	2.65616	7.63901	-1.62313	-1.18989
2.53214	7.61694	-1.76029	-1.01999	2.39579	7.67158	2.57557	7.57876	-1.60443	-1.22327
2.46586	7.57027	-1.70676	-1.03355	2.65945	7.8134	2.49592	7.51685	-1.58536	-1.25596
2.39443	7.5361	-1.67495	-1.00364	2.44154	7.63511	2.41723	7.45333	-1.56594	-1.28795
2.35199	7.46859	-1.5839	-1.14929	2.65371	7.63786	2.33952	7.38823	-1.54621	-1.31924
2.28167	7.4167	-1.56128	-1.14081	2.30621	7.45209	2.2628	7.32159	-1.5262	-1.34982
2.21698	7.35337	-1.54715	-1.24396	2.35748	7.57616	2.18709	7.25343	-1.50594	-1.3797
2.16538	7.32541	-1.48745	-1.18524	2.25098	7.51726	2.11239	7.1838	-1.48545	-1.40885
2.03749	7.2406	-1.68114	-1.40605	1.75465	7.09155	2.03872	7.11273	-1.46478	-1.4373
1.96657	7.17161	-1.64481	-1.40659	1.99668	7.18872	1.96609	7.04026	-1.44394	-1.46503
1.90056	7.09703	-1.61812	-1.49937	2.04462	7.34614	1.8945	6.96641	-1.42297	-1.49204
1.78918	7.00715	-1.69916	-1.52095	1.71056	6.90942	1.82395	6.89124	-1.4019	-1.51835
1.68803	6.96968	-1.71357	-1.25824	1.61703	7.08748	1.75446	6.81477	-1.38075	-1.54394
1.58226	6.90225	-1.76928	-1.26289	1.5346	6.86554	1.68603	6.73704	-1.35956	-1.56882
1.53566	6.78151	-1.68078	-1.61668	1.67976	6.51545	1.61866	6.65808	-1.33835	-1.593
1.48164	6.68624	-1.59044	-1.64811	1.53921	6.63125	1.55234	6.57793	-1.31715	-1.61647
1.3782	6.59985	-1.68	-1.75725	1.30883	6.78445	1.48708	6.49662	-1.29599	-1.63925
1.32824	6.50893	-1.58091	-1.76821	1.40246	6.51246	1.42288	6.41419	-1.2749	-1.66134
1.27008	6.41441	-1.52362	-1.8114	1.36236	6.4458	1.35972	6.33068	-1.25391	-1.68274
1.14948	6.29121	-1.64358	-1.86514	1.0328	6.10157	1.29761	6.24611	-1.23303	-1.70346
1.10972	6.19368	-1.5242	-1.91745	1.29986	6.35198	1.23654	6.16052	-1.21229	-1.72351
1.11947	6.0846	-1.26858	-1.95205	1.3103	6.05449	1.17649	6.07395	-1.19173	-1.7429
1.13266	5.98034	-1.00163	-1.74771	1.26045	5.29721	1.11747	5.98642	-1.17136	-1.76162
1.09155	5.8827	-0.972387	-1.76783	1.10824	5.83363	1.05946	5.89797	-1.15121	-1.7797
1.02359	5.78357	-1.04309	-1.87579	0.966891	5.80093	1.00245	5.80863	-1.13131	-1.79714
0.926337	5.688	-1.17645	-1.87164	0.817937	5.66013	0.946429	5.71844	-1.11167	-1.81394
0.831367	5.62524	-1.269	-1.65076	0.716187	5.65908	0.891378	5.62742	-1.09232	-1.83012
0.813721	5.53122	-1.1287	-1.67814	0.921311	5.48925	0.837285	5.5356	-1.07328	-1.84569
0.802413	5.423	-1.00244	-1.84753	0.939262	5.40426	0.784133	5.44302	-1.05457	-1.86066
0.822829	5.31104	-0.784113	-1.89142	0.99219	5.23308	0.731906	5.34971	-1.03621	-1.87503
0.741084	5.22466	-0.921833	-1.91272	0.641185	5.4317	0.680586	5.25569	-1.01823	-1.88882
0.691692	5.12729	-0.931488	-1.91541	0.682669	5.11729	0.630154	5.16099	-1.00063	-1.90204
0.583928	5.02685	-1.11802	-1.91378	0.402551	4.7698	0.580589	5.06564	-0.983451	-1.91469
0.500131	4.95515	-1.20945	-1.86656	0.433321	5.07134	0.531871	4.96968	-0.966698	-1.92679
0.37191	4.86102	-1.42333	-1.90626	0.198729	4.85888	0.483977	4.87312	-0.95039	-1.93834
0.349062	4.77369	-1.27367	-1.89446	0.482062	4.82489	0.436886	4.77599	-0.934544	-1.94936
0.35554	4.66222	-1.05916	-2.09194	0.542184	4.92769	0.390574	4.67833	-0.919178	-1.95986
0.248712	4.60669	-1.23728	-2.00324	0.10279	4.85616	0.345016	4.58015	-0.904306	-1.96985
0.146245	4.52058	-1.36686	-1.93648	0.0571861	4.65686	0.300187	4.48148	-0.889943	-1.97933
0.130662	4.39224	-1.19356	-1.99157	0.282996	4.22945	0.256061	4.38235	-0.876103	-1.98832
0.101851	4.26168	-1.092	-2.19085	0.151779	4.06887	0.212613	4.28277	-0.862801	-1.99683
0.0563945	4.15968	-1.06308	-2.17658	0.0837533	4.1986	0.169815	4.18279	-0.850048	-2.00486
0.02	4.07923	-1.01203	-1.99376	0.0601874	4.26399	0.127639	4.08241	-0.837857	-2.01243
0.0338532	4.00486	-0.801633	-1.94215	0.23747	4.13029	0.0860566	3.98165	-0.82624	-2.01954
-0.0318407	3.90803	-0.886621	-1.8795	-0.0730883	3.71078	0.0450392	3.88056	-0.815208	-2.0262
-0.0749766	3.80345	-0.881788	-1.89853	-0.0697732	3.74811	0.00455718	3.77914	-0.80477	-2.03242
-0.0259112	3.72232	-0.565824	-2.00762	0.151106	4.41047	-0.0354193	3.67741	-0.794938	-2.03821
-0.0725685	3.59121	-0.626819	-2.06547	-0.132742	3.43407	-0.0749208	3.57541	-0.785719	-2.04358
-0.153751	3.51415	-0.802914	-1.82875	-0.226067	3.48491	-0.113978	3.47314	-0.777122	-2.04852
-0.182519	3.38462	-0.762373	-1.8961	-0.134345	3.18493	-0.152623	3.37063	-0.769155	-2.05306
-0.223325	3.29067	-0.763056	-2.01651	-0.262336	3.71699	-0.190886	3.26791	-0.761825	-2.05719
-0.305861	3.16799	-0.919764	-2.06466	-0.479903	3.06184	-0.2288	3.16498	-0.755139	-2.06092
-0.341392	3.10917	-0.914785	-1.69233	-0.303249	3.08369	-0.266397	3.06188	-0.749103	-2.06425
-0.362371	3.01807	-0.826413	-1.69653	-0.253802	2.97973	-0.303709	2.95862	-0.743722	-2.0672
-0.412036	2.92194	-0.848978	-1.78035	-0.424465	2.90526	-0.340771	2.85521	-0.739	-2.06976
-0.486306	2.76123	-0.97508	-1.9242	-0.618113	2.39738	-0.377613	2.75168	-0.734943	-2.07194
-0.494226	2.68035	-0.817799	-1.9154	-0.49169	2.95103	-0.414271	2.64806	-0.731553	-2.07374
-0.573294	2.57275	-0.962235	-1.95746	-0.764352	2.51824	-0.450777	2.54434	-0.728833	-2.07516
-0.602511	2.45625	-0.876762	-2.06722	-0.542227	2.25314	-0.487165	2.44057	-0.726786	-2.07622
-0.606017	2.40669	-0.707473	-1.93681	-0.389139	2.67947	-0.523468	2.33674	-0.725414	-2.0769
-0.590035	2.29166	-0.472401	-2.1204	-0.533217	2.2192	-0.559721	2.23289	-0.724717	-2.07721
-0.639403	2.19226	-0.569064	-2.12628	-0.792163	2.22599	-0.595957	2.12903	-0.724696	-2.07715
-0.653695	2.08702	-0.538187	-2.0411	-0.541191	1.77029	-0.632209	2.02518	-0.725351	-2.07672
-0.676693	2.0177	-0.506561	-1.9716	-0.643394	2.18957	-0.668513	1.92136	-0.726682	-2.07592
-0.698275	1.91143	-0.49771	-1.97972	-0.627584	1.72107	-0.704901	1.81758	-0.728687	-2.07475
-0.715555	1.8068	-0.470626	-1.98414	-0.664131	1.78059	-0.741407	1.71387	-0.731364	-2.0732
-0.76338	1.64815	-0.54165	-2.27779	-0.609299	1.25044	-0.778064	1.61024	-0.734711	-2.07128
-0.768583	1.47845	-0.494084	-2.3761	-0.648306	1.19053	-0.814907	1.50671	-0.738725	-2.06899
-0.821349	1.33761	-0.626717	-2.44686	-0.778216	1.23237	-0.851969	1.40331	-0.743403	-2.06631
-0.851526	1.23188	-0.606265	-2.40306	-0.807482	1.33768	-0.889281	1.30005	-0.748739	-2.06325
-0.902911	1.17568	-0.811149	-2.01327	-1.03981	1.40389	-0.926878	1.19694	-0.75473	-2.0598
-0.972885	1.12626	-0.868346	-1.91575	-1.09804	1.41514	-0.964792	1.09402	-0.76137	-2.05596
-0.981194	1.02801	-0.579614	-2.03906	-1.12166	1.18519	-1.00305	0.991291	-0.768652	-2.05171
-0.990243	0.886457	-0.555603	-2.13342	-0.942525	0.629339	-1.0417	0.888785	-0.776571	-2.04707
-1.06776	0.760615	-0.893845	-2.16587	-1.10859	0.766623	-1.08076	0.786519	-0.785118	-2.04202
-1.09735	0.670567	-0.822362	-2.05875	-0.886148	0.92245	-1.12026	0.684513	-0.794287	-2.03654
-1.15839	0.633982	-0.901235	-1.77667	-1.57527	0.913549	-1.16024	0.582788	-0.804068	-2.03065
-1.20459	0.535215	-0.913742	-1.82567	-1.25214	0.409672	-1.20072	0.481367	-0.814452	-2.02432
-1.24638	0.429847	-0.80724	-1.93128	-1.51962	0.509085	-1.24173	0.38027	-0.82543	-2.01756
-1.27694	0.344788	-0.776382	-1.85599	-1.18004	0.517371	-1.28332	0.27952	-0.836991	-2.01035
-1.34313	0.223822	-0.920286	-2.01209	-1.65739	0.251861	-1.32549	0.179139	-0.849124	-2.00269
-1.3735	0.0944096	-0.893513	-2.14271	-1.33637	-0.251264	-1.36829	0.0791509	-0.861818	-1.99456
-1.43414	-0.0739337	-1.0389	-2.45432	-1.58587	-0.124206	-1.41174	-0.0204216	-0.875061	-1.98596
-1.49756	-0.201907	-1.0592	-2.49091	-1.56086	-0.272496	-1.45587	-0.119554	-0.888838	-1.97688
-1.56703	-0.267377	-0.99028	-2.18999	-1.99508	-0.287488	-1.50069	-0.218223	-0.903138	-1.96731
-1.58575	-0.364583	-0.9403	-2.12228	-1.42727	-0.252462	-1.54625	-0.316403	-0.917945	-1.95723
-1.6247	-0.447889	-0.982291	-2.02187	-1.16527	-0.30745	-1.59256	-0.414068	-0.933245	-1.94665
-1.69761	-0.561912	-1.01684	-2.0777	-1.81594	-0.660926	-1.63965	-0.511194	-0.949022	-1.93555
-1.76034	-0.614875	-1.07497	-1.83961	-1.67073	-0.535958	-1.68755	-0.607753	-0.965261	-1.92392
-1.81603	-0.733156	-1.04579	-1.95441	-1.79959	-0.951359	-1.73627	-0.703719	-0.981944	-1.91175
-1.86098	-0.791922	-1.05466	-1.7888	-1.46925	-0.597299	-1.78583	-0.799065	-0.999053	-1.89903
-1.90959	-0.848362	-1.087	-1.65614	-1.91489	-0.607067	-1.83626	-0.893762	-1.01657	-1.88575
-2.00317	-0.956961	-1.3426	-1.81861	-2.25745	-1.08267	-1.88758	-0.987782	-1.03448	-1.8719
-2.03674	-1.07134	-1.23825	-1.93475	-1.83686	-1.25352	-1.93981	-1.0811	-1.05276	-1.85747
-2.09063	-1.13704	-1.12252	-1.75553	-2.11236	-1.12216	-1.99296	-1.17368	-1.07139	-1.84245
-2.10705	-1.19059	-1.06992	-1.66117	-1.90763	-0.996549	-2.04706	-1.26549	-1.09035	-1.82683
-2.17942	-1.31451	-1.18863	-1.85847	-2.46679	-1.52715	-2.10211	-1.35651	-1.10962	-1.81061
-2.25646	-1.38073	-1.2608	-1.75045	-2.35677	-1.22167	-2.15813	-1.44671	-1.12918	-1.79376
-2.31483	-1.47975	-1.21714	-1.78059	-2.4152	-1.5659	-2.21514	-1.53604	-1.149	-1.77629
-2.42783	-1.62676	-1.27901	-1.9325	-2.69612	-1.93665	-2.27315	-1.62449	-1.16907	-1.75818
-2.48376	-1.76014	-1.38204	-2.16665	-2.19101	-1.60598	-2.33217	-1.71202	-1.18935	-1.73942
-2.56197	-1.84442	-1.42962	-2.08227	-2.6023	-1.72658	-2.39221	-1.7986	-1.20983	-1.72001
-2.5972	-1.92104	-1.28371	-1.96376	-2.07764	-1.53857	-2.45329	-1.88418	-1.23048	-1.69994
-2.63144	-1.99675	-1.23285	-1.91876	-2.47658	-1.8782	-2.5154	-1.96875	-1.25127	-1.67921
-2.67981	-2.09539	-1.2268	-1.95926	-2.42319	-1.91352	-2.57855	-2.05227	-1.27218	-1.6578
-2.70932	-2.22937	-1.11331	-2.09	-2.57883	-2.37555	-2.64276	-2.1347	-1.29319	-1.63571
-2.76247	-2.30812	-1.18185	-2.06047	-2.301	-1.88336	-2.70802	-2.216	-1.31426	-1.61293
-2.82688	-2.40366	-1.20225	-2.03526	-2.84618	-2.37402	-2.77433	-2.29615	-1.33537	-1.58946
-2.93893	-2.44967	-1.37892	-1.8383	-3.08749	-2.37286	-2.84171	-2.37511	-1.3565	-1.56529
-3.0068	-2.46514	-1.44557	-1.62795	-2.94112	-2.13194	-2.91014	-2.45284	-1.3776	-1.54042
-3.07128	-2.46481	-1.35876	-1.29522	-2.58861	-1.94937	-2.97963	-2.52931	-1.39866	-1.51485
-3.08742	-2.52442	-1.23556	-1.31938	-2.85433	-2.45689	-3.05017	-2.60449	-1.41965	-1.48857
-3.07962	-2.6683	-1.03973	-1.61396	-2.77068	-2.67354	-3.12176	-2.67833	-1.44054	-1.46159
-3.1655	-2.7254	-1.14106	-1.52436	-3.29219	-2.65936	-3.1944	-2.7508	-1.4613	-1.43389
-3.25479	-2.78429	-1.32458	-1.53385	-3.21467	-2.6467	-3.26807	-2.82187	-1.4819	-1.40548
-3.29305	-2.8799	-1.24114	-1.60479	-3.19104	-2.92911	-3.34277	-2.8915	-1.50231	-1.37637
-3.36464	-2.93818	-1.3114	-1.5659	-3.17699	-2.70529	-3.41848	-2.95966	-1.52249	-1.34654
-3.4497	-3.00777	-1.36588	-1.52917	-3.52321	-2.99362	-3.4952	-3.02631	-1.54243	-1.31602
-3.49155	-3.06393	-1.15914	-1.35614	-3.46208	-3.04682	-3.57291	-3.09141	-1.56209	-1.28479
-3.55839	-3.12039	-1.18922	-1.32022	-3.58281	-3.08565	-3.6516	-3.15493	-1.58144	-1.25286
-3.65673	-3.14416	-1.25277	-1.12909	-3.98261	-3.21321	-3.73125	-3.21683	-1.60044	-1.22023
-3.75153	-3.18763	-1.33986	-1.07347	-3.86963	-3.17496	-3.81184	-3.27709	-1.61908	-1.18692
-3.82649	-3.25286	-1.36279	-1.10838	-4.0059	-3.42078	-3.89336	-3.33566	-1.63732	-1.15293
-3.8847	-3.32847	-1.32527	-1.16769	-3.86826	-3.39334	-3.97578	-3.39251	-1.65512	-1.11827
-3.99308	-3.3941	-1.57608	-1.29192	-4.12835	-3.42163	-4.05907	-3.44761	-1.67247	-1.08294
-4.06737	-3.48164	-1.54995	-1.3543	-4.07773	-3.56198	-4.14323	-3.50093	-1.68932	-1.04695
-4.08792	-3.56263	-1.22377	-1.26977	-4.0187	-3.70088	-4.22821	-3.55242	-1.70566	-1.01032
-4.14373	-3.6455	-1.19839	-1.32303	-4.14713	-3.70996	-4.314	-3.60207	-1.72144	-0.973064
-4.22936	-3.69138	-1.37358	-1.34422	-4.05799	-3.40541	-4.40057	-3.64984	-1.73665	-0.935185
-4.31695	-3.75786	-1.41876	-1.33048	-4.3922	-3.78059	-4.48788	-3.69569	-1.75125	-0.8967
-4.42971	-3.82246	-1.63744	-1.40256	-4.60291	-3.83537	-4.5759	-3.73961	-1.76521	-0.857624
-4.59946	-3.85394	-1.86843	-1.25081	-4.89768	-3.83469	-4.66461	-3.78155	-1.77851	-0.817973
-4.75129	-3.86414	-2.04583	-1.08876	-5.08639	-3.74856	-4.75397	-3.82149	-1.79112	-0.777764
-4.83871	-3.92153	-2.00971	-1.10533	-4.78336	-3.91104	-4.84394	-3.85941	-1.80301	-0.737014
-4.9209	-4.00714	-2.00291	-1.23655	-4.74302	-4.04333	-4.93448	-3.89528	-1.81416	-0.695741
-5.03548	-4.01864	-2.06481	-1.09974	-5.02149	-3.86499	-5.02557	-3.92906	-1.82454	-0.653966
-5.18032	-3.95039	-2.01905	-0.593672	-5.40292	-3.47813	-5.11715	-3.96074	-1.83412	-0.611709
-5.24123	-3.99153	-1.92258	-0.646424	-5.09576	-3.97217	-5.20919	-3.99029	-1.84288	-0.568992
-5.31237	-4.0379	-1.81794	-0.666868	-5.18606	-4.07608	-5.30165	-4.0177	-1.8508	-0.525837
-5.39684	-4.09597	-1.79042	-0.733872	-5.40645	-4.16826	-5.39448	-4.04293	-1.85784	-0.482266
-5.51797	-4.12358	-1.87462	-0.698955	-5.90789	-4.25997	-5.48765	-4.06597	-1.86401	-0.438305
-5.58822	-4.15004	-1.82729	-0.690709	-5.4792	-4.08812	-5.58109	-4.0868	-1.86926	-0.393978
-5.69691	-4.1613	-1.90727	-0.642358	-5.67856	-3.98493	-5.67478	-4.10541	-1.87357	-0.349311
-5.78537	-4.20762	-1.88472	-0.682437	-5.77771	-4.24278	-5.76865	-4.12177	-1.87694	-0.30433
-5.90359	-4.16288	-1.7791	-0.324477	-6.31202	-3.95852	-5.86267	-4.13587	-1.87934	-0.259063
-5.96695	-4.18487	-1.72031	-0.353378	-5.86924	-4.16512	-5.95678	-4.14769	-1.88075	-0.213538
-6.07344	-4.20944	-1.71831	-0.330278	-6.60897	-4.53751	-6.05094	-4.15724	-1.88116	-0.167783
-6.17168	-4.23348	-1.74121	-0.3428	-6.23435	-4.27484	-6.14509	-4.16448	-1.88054	-0.121828
-6.28051	-4.30424	-1.97142	-0.609678	-6.35019	-4.58337	-6.23918	-4.16943	-1.8789	-0.0757031
-6.43281	-4.22373	-2.13995	-0.29616	-6.49576	-3.96738	-6.33317	-4.17206	-1.8762	-0.0294378
-6.48856	-4.25151	-1.98717	-0.333939	-5.85051	-4.05906	-6.42698	-4.17237	-1.87244	0.0169363
-6.57728	-4.28465	-1.95709	-0.381955	-6.55604	-4.31755	-6.52059	-4.17036	-1.86761	0.0633876
-6.64453	-4.25943	-1.63854	-0.108701	-6.70732	-4.14175	-6.61392	-4.16602	-1.86169	0.109884
-6.74343	-4.25158	-1.68044	-0.0656849	-6.79673	-4.23786	-6.70692	-4.15936	-1.85469	0.156394
-6.8105	-4.25891	-1.61906	-0.0705552	-6.62548	-4.22295	-6.79955	-4.15036	-1.84658	0.202884
-6.89807	-4.26185	-1.63319	-0.0656678	-6.92576	-4.26978	-6.89174	-4.13904	-1.83737	0.24932
-6.99566	-4.26979	-1.7233	-0.104883	-7.11223	-4.31573	-6.98344	-4.12541	-1.82704	0.295671
-7.11592	-4.21745	-1.81963	0.0609415	-7.18095	-4.10505	-7.07459	-4.10945	-1.8156	0.341902
-7.19625	-4.23847	-1.79347	-0.0111101	-7.14769	-4.39849	-7.16514	-4.09119	-1.80304	0.387978
-7.26037	-4.2076	-1.75387	0.057815	-7.10364	-4.08479	-7.25503	-4.07062	-1.78935	0.433868
-7.30665	-4.19732	-1.45771	0.176674	-7.22576	-4.22859	-7.3442	-4.04776	-1.77455	0.479535
-7.35874	-4.18595	-1.41601	0.173177	-7.26337	-4.14977	-7.43261	-4.02263	-1.75862	0.524947
-7.47046	-4.1937	-1.67047	0.0522486	-7.73142	-4.31274	-7.52018	-3.99523	-1.74157	0.570069
-7.62496	-4.10172	-1.85236	0.318634	-7.81516	-3.96269	-7.60688	-3.96558	-1.7234	0.614868
-7.68686	-4.07834	-1.66787	0.387891	-7.49211	-4.00967	-7.69263	-3.9337	-1.70412	0.659308
-7.79833	-4.03474	-1.73404	0.46438	-7.89114	-4.01019	-7.77739	-3.89961	-1.68373	0.703357
-7.91775	-3.90367	-1.85003	0.761596	-7.78156	-3.04532	-7.8611	-3.86333	-1.66225	0.74698
-7.98724	-3.90644	-1.7888	0.643648	-7.93763	-3.97951	-7.9437	-3.82487	-1.63967	0.790145
-8.07905	-3.85452	-1.79078	0.702022	-8.03908	-3.69043	-8.02514	-3.78427	-1.616	0.832817
-8.14795	-3.8196	-1.74975	0.692473	-8.05351	-3.79325	-8.10538	-3.74155	-1.59126	0.874966
-8.21824	-3.73544	-1.52018	0.91236	-8.31436	-3.45125	-8.18434	-3.69673	-1.56547	0.916557
-8.28075	-3.69472	-1.49196	0.893589	-8.22433	-3.68955	-8.26198	-3.64985	-1.53862	0.957558
-8.31415	-3.62151	-1.32171	0.994353	-7.68296	-3.26119	-8.33826	-3.60094	-1.51074	0.997939
-8.35843	-3.51198	-1.29792	1.1449	-8.18344	-3.34413	-8.41311	-3.55003	-1.48183	1.03767
-8.43558	-3.50095	-1.50198	0.94837	-8.25938	-3.75842	-8.48648	-3.49714	-1.45193	1.07671
-8.44567	-3.49025	-1.36508	0.823872	-8.18038	-3.49924	-8.55834	-3.44232	-1.42103	1.11505
-8.52161	-3.42693	-1.31456	0.915328	-8.80527	-3.34474	-8.62862	-3.38561	-1.38917	1.15264
-8.66601	-3.25836	-1.50348	1.27581	-8.90172	-3.06861	-8.69728	-3.32704	-1.35636	1.18946
-8.76724	-3.19109	-1.67362	1.25412	-8.87429	-3.16216	-8.76428	-3.26664	-1.32262	1.22548
-8.82764	-3.21233	-1.60705	1.01858	-8.80572	-3.37317	-8.82956	-3.20447	-1.28797	1.26068
-8.87856	-3.17171	-1.2922	1.06676	-9.18191	-3.40105	-8.89309	-3.14056	-1.25244	1.29502
-8.94639	-3.13476	-1.29419	1.02359	-8.97898	-3.17363	-8.95481	-3.07496	-1.21605	1.32848
-9.03213	-3.07415	-1.43999	1.02304	-9.07591	-2.97482	-9.0147	-3.00771	-1.17882	1.36104
-9.102	-2.96007	-1.45162	1.19259	-9.0286	-2.8237	-9.0727	-2.93886	-1.14077	1.39267
-9.12516	-2.94177	-1.16024	1.11844	-8.89564	-3.27165	-9.12877	-2.86845	-1.10195	1.42336
-9.17725	-2.88759	-1.14863	1.1117	-9.14976	-2.88559	-9.18288	-2.79653	-1.06236	1.45306
-9.20327	-2.82421	-0.971949	1.15774	-8.92056	-2.73672	-9.23499	-2.72316	-1.02204	1.48178
-9.23574	-2.74613	-0.945984	1.2073	-9.13753	-2.68974	-9.28507	-2.64837	-0.981014	1.50948
-9.31703	-2.71467	-1.18173	1.08934	-9.53213	-2.96044	-9.33308	-2.57224	-0.939316	1.53614
-9.34603	-2.60569	-1.13658	1.22832	-9.14882	-2.46845	-9.37898	-2.49479	-0.896973	1.56175
-9.40302	-2.50878	-0.955227	1.37532	-9.915	-2.31374	-9.42275	-2.4161	-0.854015	1.5863
-9.46342	-2.43502	-0.979815	1.39278	-9.5224	-2.4355	-9.46436	-2.33621	-0.810473	1.60975
-9.47302	-2.35672	-0.860978	1.41625	-8.77131	-2.1822	-9.50378	-2.25518	-0.766379	1.63211
-9.47729	-2.24482	-0.795923	1.51795	-9.25069	-2.1338	-9.54097	-2.17305	-0.721764	1.65335
-9.495	-2.15089	-0.645689	1.58608	-9.34653	-1.99372	-9.57593	-2.0899	-0.676662	1.67347
-9.54494	-2.01452	-0.686819	1.74771	-9.59349	-1.91631	-9.60861	-2.00578	-0.631104	1.69244
-9.53139	-1.88191	-0.401964	1.89943	-9.05392	-1.47466	-9.63901	-1.92074	-0.585124	1.71027
-9.58013	-1.77212	-0.45634	1.94728	-9.71629	-1.76205	-9.6671	-1.83484	-0.538755	1.72694
-9.62422	-1.66916	-0.510638	1.96548	-10.0184	-1.66473	-9.69286	-1.74813	-0.492032	1.74244
-9.62943	-1.5943	-0.471442	1.89613	-9.53839	-1.62713	-9.71627	-1.66069	-0.444988	1.75677
-9.66688	-1.47333	-0.541201	1.9666	-9.76735	-1.26802	-9.73733	-1.57256	-0.397658	1.76992
-9.69684	-1.38942	-0.545486	1.92712	-9.71864	-1.41757	-9.75602	-1.4838	-0.350076	1.78189
-9.74773	-1.36137	-0.580409	1.74	-10.3695	-2.01481	-9.77232	-1.39448	-0.302277	1.79267
-9.76971	-1.24229	-0.569199	1.82792	-9.72052	-1.18068	-9.78623	-1.30466	-0.254295	1.80227
-9.76161	-1.14074	-0.246254	1.8765	-9.8085	-1.05019	-9.79773	-1.21439	-0.206164	1.81067
-9.74864	-1.04166	-0.200565	1.88675	-9.61601	-1.02355	-9.80683	-1.12373	-0.15792	1.81789
-9.76866	-0.928244	-0.278747	1.93721	-9.76253	-0.777846	-9.81351	-1.03274	-0.109597	1.82393
-9.72634	-0.967123	-0.174175	1.55011	-9.4718	-1.19662	-9.81778	-0.941478	-0.0612291	1.82878
-9.71838	-0.845653	-0.151317	1.67096	-9.27881	-0.48896	-9.81963	-0.850009	-0.0128505	1.83245
-9.73317	-0.70643	-0.165722	1.82724	-9.75752	-0.607991	-9.81907	-0.758389	0.0355047	1.83495
-9.71567	-0.657586	0.0588112	1.71254	-9.77244	-0.978814	-9.81609	-0.666675	0.0838028	1.83628
-9.71956	-0.675184	0.0457627	1.42532	-9.77283	-0.861526	-9.8107	-0.574926	0.13201	1.83646
-9.73465	-0.552589	-0.0152252	1.57082	-9.97216	-0.139256	-9.8029	-0.4832	0.180095	1.83549
-9.74689	-0.376517	-0.0359358	1.84458	-9.79292	-0.203443	-9.79271	-0.391552	0.228023	1.83339
-9.71215	-0.318527	0.138178	1.74577	-9.28577	-0.549667	-9.78013	-0.30004	0.275762	1.83015
-9.7239	-0.19491	0.105939	1.84904	-9.81855	-0.131197	-9.76517	-0.208719	0.323282	1.82581
-9.68753	-0.133307	0.424325	1.75895	-9.88558	-0.333366	-9.74784	-0.117646	0.37055	1.82036
-9.64944	-0.0307017	0.455706	1.79877	-9.56163	-0.00454714	-9.72815	-0.0268731	0.417537	1.81383
-9.65077	0.0331847	0.229842	1.72977	-9.57323	-0.20333	-9.70613	0.0635447	0.464212	1.80623
-9.61607	0.120012	0.271737	1.72951	-9.49524	0.118972	-9.68179	0.153555	0.510546	1.79759
-9.58843	0.154856	0.420899	1.5785	-9.67624	-0.223826	-9.65514	0.243105	0.55651	1.78791
-9.59227	0.341541	0.386129	1.88106	-9.73582	0.538761	-9.6262	0.332145	0.602077	1.77721
-9.55143	0.417077	0.600259	1.81767	-9.65443	0.321916	-9.595	0.420625	0.647219	1.76553
-9.49739	0.635483	0.659104	2.17407	-9.39823	0.861465	-9.56156	0.508494	0.69191	1.75287
-9.47241	0.747831	0.619301	2.18678	-9.56465	0.771108	-9.5259	0.595707	0.736124	1.73926
-9.42182	0.80929	0.646937	2.05331	-9.30581	0.715698	-9.48804	0.682214	0.779837	1.72473
-9.39041	0.901389	0.763205	2.0099	-9.79179	0.883872	-9.44801	0.767973	0.823026	1.70929
-9.36278	0.936533	0.731886	1.82705	-9.39226	0.819439	-9.40584	0.852936	0.865667	1.69297
-9.34132	1.01457	0.733856	1.78475	-9.75252	0.950968	-9.36156	0.937063	0.907738	1.6758
-9.30894	1.15697	0.736246	1.93306	-9.35461	1.25834	-9.31519	1.02031	0.949219	1.65781
-9.25187	1.15616	0.985351	1.62435	-9.35595	0.514924	-9.26676	1.10264	0.990089	1.63901
-9.24441	1.22768	0.907014	1.59469	-9.45399	1.23063	-9.21631	1.18401	1.03033	1.61944
-9.19637	1.25263	0.999893	1.42516	-9.33532	0.884225	-9.16387	1.26438	1.06992	1.59913
-9.12212	1.27763	1.03418	1.29778	-8.97251	1.17588	-9.10946	1.34372	1.10886	1.5781
-9.06501	1.39113	0.966666	1.44907	-8.76959	1.67847	-9.05313	1.42199	1.14711	1.55638
-9.01787	1.41906	0.955168	1.32462	-8.99843	1.33405	-8.99491	1.49916	1.18466	1.53401
-8.95302	1.51733	1.11518	1.39528	-9.06421	1.80378	-8.93482	1.57519	1.22152	1.51101
-8.90232	1.67572	1.12567	1.64213	-8.98177	1.85104	-8.87292	1.65006	1.25765	1.48741
-8.85489	1.76863	1.09196	1.67574	-9.00788	1.8586	-8.80923	1.72374	1.29304	1.46324
-8.81489	1.89975	1.07764	1.80547	-8.92075	2.00342	-8.74379	1.7962	1.3277	1.43854
-8.75719	1.94895	1.17381	1.66666	-8.87393	1.71927	-8.67664	1.86741	1.36161	1.41334
-8.72567	1.97752	1.10669	1.511	-8.8209	1.887	-8.60782	1.93735	1.39476	1.38766
-8.65621	2.0502	1.26036	1.47346	-8.77082	2.10064	-8.53736	2.006	1.42714	1.36155
-8.53823	2.18546	1.38178	1.6529	-8.31331	2.26783	-8.4653	2.07333	1.45875	1.33502
-8.45234	2.22778	1.47909	1.52128	-8.20111	1.95031	-8.39168	2.13932	1.48958	1.30812
-8.40617	2.31584	1.431	1.54909	-8.55452	2.36559	-8.31655	2.20397	1.51964	1.28087
-8.36212	2.29866	1.47058	1.24286	-8.92726	1.78517	-8.23993	2.26725	1.54891	1.25331
-8.27837	2.40128	1.50431	1.35616	-8.26608	2.47916	-8.16187	2.32914	1.5774	1.22547
-8.16857	2.43809	1.80719	1.19966	-8.13652	2.33628	-8.0824	2.38964	1.6051	1.19737
-8.06629	2.5158	1.83622	1.25089	-8.0254	2.54311	-8.00157	2.44873	1.63202	1.16906
-7.98783	2.59831	1.73921	1.32974	-8.09354	2.71698	-7.91942	2.5064	1.65816	1.14057
-7.86222	2.65704	1.80984	1.31734	-7.66666	2.59988	-7.83598	2.56265	1.68352	1.11191
-7.72988	2.75036	2.0523	1.34833	-7.51844	2.94714	-7.75129	2.61746	1.7081	1.08314
-7.62996	2.78881	2.0353	1.26857	-7.61175	2.72467	-7.6654	2.67083	1.73191	1.05426
-7.5459	2.89924	1.88106	1.44813	-7.68776	3.16232	-7.57833	2.72276	1.75496	1.02533
-7.45018	2.94786	1.87392	1.38393	-7.41542	2.8892	-7.49013	2.77324	1.77724	0.99636
-7.37328	3.02327	1.75867	1.43242	-7.45906	3.03662	-7.40084	2.82228	1.79877	0.967388
-7.3587	2.98704	1.56461	1.11942	-7.57525	2.80822	-7.31048	2.86987	1.81955	0.938441
-7.25764	3.03187	1.74179	1.03683	-7.2004	3.01583	-7.21911	2.91601	1.8396	0.909549
-7.12038	3.04292	1.82151	0.941502	-6.83691	2.87944	-7.12676	2.96072	1.85891	0.880739
-7.0242	3.09036	1.86452	0.929285	-7.03614	3.11407	-7.03345	3.00399	1.87751	0.85204
-6.92336	3.19104	1.9053	1.07823	-6.95559	3.32064	-6.93924	3.04583	1.89541	0.823479
-6.86431	3.2042	1.79533	0.964083	-7.21897	3.06108	-6.84414	3.08625	1.9126	0.795082
-6.71675	3.33222	1.9513	1.19759	-6.55508	3.46895	-6.74821	3.12526	1.92912	0.766876
-6.61922	3.33919	2.04187	0.992532	-6.63581	3.11455	-6.65146	3.16286	1.94496	0.738888
-6.53123	3.38265	2.00985	0.97113	-6.58647	3.38451	-6.55394	3.19908	1.96014	0.711141
-6.46791	3.40137	1.79756	0.943248	-6.52745	3.17522	-6.45568	3.23391	1.97468	0.683661
-6.35861	3.36086	1.78934	0.718039	-6.15321	3.0878	-6.3567	3.26738	1.98858	0.656471
-6.25435	3.39231	1.73377	0.758282	-5.68423	3.08473	-6.25704	3.2995	2.00187	0.629595
-6.19009	3.37893	1.65957	0.61339	-6.21863	3.26266	-6.15673	3.33028	2.01456	0.603055
-6.09972	3.42178	1.71789	0.628221	-6.18033	3.54645	-6.0558	3.35975	2.02666	0.576875
-6.01127	3.42044	1.70512	0.542088	-5.95493	3.32152	-5.95428	3.38792	2.03819	0.551074
-5.8772	3.44368	1.94932	0.465947	-5.47913	3.32403	-5.8522	3.41482	2.04916	0.525674
-5.79407	3.43755	1.90291	0.382095	-5.81579	3.37012	-5.74957	3.44045	2.05959	0.500695
-5.74381	3.45361	1.72191	0.407239	-6.20983	3.59024	-5.64644	3.46485	2.0695	0.476157
-5.68284	3.40081	1.62667	0.203443	-5.68986	3.21381	-5.54283	3.48804	2.0789	0.452077
-5.59615	3.38291	1.7937	0.0253634	-5.84493	3.44372	-5.43875	3.51003	2.0878	0.428476
-5.43535	3.46706	1.99154	0.276003	-5.24355	3.623	-5.33424	3.53086	2.09623	0.405369
-5.33409	3.50544	1.90585	0.410916	-5.17083	3.47909	-5.22932	3.55055	2.1042	0.382774
-5.23767	3.48646	1.8844	0.307764	-5.17788	3.36025	-5.12401	3.56912	2.11172	0.360708
-5.16313	3.49922	1.89463	0.253701	-5.63874	3.76648	-5.01833	3.58661	2.11882	0.339185
-4.98925	3.64448	2.14973	0.636479	-4.84043	3.96344	-4.91231	3.60303	2.1255	0.318221
-4.87611	3.67361	2.19193	0.607927	-4.86762	3.68047	-4.80596	3.61842	2.13178	0.29783
-4.80185	3.61376	2.0527	0.36032	-4.82006	3.35876	-4.6993	3.6328	2.13769	0.278026
-4.6817	3.68596	2.07027	0.553846	-4.70788	3.94078	-4.59235	3.64622	2.14323	0.258821
-4.53355	3.68956	2.15523	0.514697	-4.31857	3.54262	-4.48513	3.65868	2.14841	0.240229
-4.42949	3.7211	2.15753	0.521574	-4.55721	3.83932	-4.37766	3.67024	2.15327	0.222262
-4.26158	3.73725	2.2898	0.526899	-4.00932	3.61696	-4.26996	3.68091	2.1578	0.20493
-4.12383	3.77796	2.28122	0.643838	-3.71235	3.48538	-4.16203	3.69074	2.16202	0.188245
-4.04221	3.77281	2.17692	0.53502	-4.11616	3.67721	-4.05389	3.69974	2.16595	0.172216
-3.86972	3.82032	2.52265	0.442345	-3.82534	4.07519	-3.94556	3.70796	2.1696	0.156854
-3.74353	3.83021	2.51369	0.412481	-3.72661	3.78247	-3.83706	3.71544	2.17298	0.142167
-3.63632	3.82696	2.56648	0.216665	-4.00795	4.12155	-3.72839	3.72219	2.17611	0.128164
-3.53972	3.79125	2.45162	0.0890066	-3.59575	3.64424	-3.61956	3.72826	2.179	0.114853
-3.40038	3.79575	2.49867	0.0924171	-3.23133	3.65534	-3.5106	3.73369	2.18165	0.102242
-3.24585	3.79998	2.57345	0.106842	-3.13742	3.76065	-3.4015	3.7385	2.18409	0.0903378
-3.16157	3.81017	2.40091	0.173493	-3.46703	4.02437	-3.29228	3.74274	2.18632	0.0791468
-3.11419	3.73646	2.14625	-0.0562824	-3.27575	3.46759	-3.18296	3.74643	2.18834	0.0686754
-3.08485	3.68976	1.82949	-0.10082	-3.16224	3.43529	-3.07354	3.74962	2.19018	0.0589291
-2.9587	3.6794	1.9166	-0.0947459	-2.82863	3.6159	-2.96402	3.75234	2.19184	0.0499132
-2.87301	3.66542	1.89185	-0.134091	-2.91078	3.66226	-2.85442	3.75463	2.19332	0.0416324
-2.73075	3.67732	2.03356	-0.0642973	-2.58066	3.70746	-2.74476	3.75652	2.19464	0.0340909
-2.60444	3.7128	2.09029	0.0956778	-2.6156	3.89443	-2.63502	3.75805	2.1958	0.0272928
-2.41864	3.72305	2.31636	0.152259	-2.1337	3.66305	-2.52523	3.75927	2.19681	0.0212416
-2.35452	3.69506	2.17082	0.00247619	-2.51871	3.70385	-2.41539	3.7602	2.19767	0.0159402
-2.29848	3.69287	2.01989	-0.0284336	-2.48181	3.73113	-2.3055	3.76088	2.19839	0.0113913
-2.1684	3.70736	2.09151	0.0617929	-2.0255	3.59037	-2.19558	3.76135	2.19898	0.00759715
-2.06558	3.72333	2.09657	0.0890941	-2.08288	3.7864	-2.08563	3.76166	2.19943	0.00455969
-2.05021	3.7014	1.77875	0.0605974	-2.2815	3.6964	-1.97566	3.76183	2.19975	0.00228035
-1.93497	3.68964	1.84546	0.0411308	-1.83193	3.59722	-1.86567	3.76191	2.19994	0.000760224
-1.80382	3.7286	1.94632	0.223928	-1.73242	3.80917	-1.75568	3.76192	2.2	-3.32062e-15
